1.0 0.0 0.0 0.0 0.0 0.0 0.0 0.0 0.0 0.0 0.0
1.2247448713915892 1.2247448713915892 0.0 0.0 0.0 0.0 0.0 0.0 0.0 0.0 0.0
0.5590169943749479 1.9364916731037087 0.9682458365518544 0.0 0.0 0.0 0.0 0.0 0.0 0.0 0.0
-0.46770717334674217 1.718465885608441 1.8114220932736802 0.7395099728874522 0.0 0.0 0.0 0.0 0.0 0.0 0.0
-1.2187499999999998 0.5929270612815727 2.0963137289060536 1.5687375497513922 0.5546324796655892 0.0 0.0 0.0 0.0 0.0 0.0
-1.2458916862030989 -0.8515266620899181 1.5019518550872404 2.146092470194377 1.3007284617667136 0.4113264556590059 0.0 0.0 0.0 0.0 0.0
-0.5351990174516867 -1.807171585828252 0.2040992262127057 2.040992262127053 2.0122155029888704 1.0486808119311144 0.30272807453121203 0.0 0.0 0.0 0.0
0.4920944852585467 -1.726511682651477 -1.1785940192893767 1.1275301138838145 2.276274808091749 1.7885016349292313 0.8290549760542502 0.2215742625139341 0.0 0.0 0.0
1.2300866881115184 -0.6522881946777959 -1.9202084642727337 -0.27368153173085363 1.8019388247488342 2.293052762781614 1.5332447993938108 0.6459944329272871 0.16149860823182177 0.0 0.0
1.2446216749158558 0.7975633677356874 -1.610009225854445 -1.518997765570197 0.6388297629524908 2.214288066607866 2.1686185945392857 1.2805082686297682 0.4977721410221216 0.11732601880082953 0.0
0.5275108496512901 1.7838958865296783 -0.40957791562861523 -1.9785275849623876 -0.7772390400508596 1.4091648410324358 2.3998806817599325 1.9638854964439973 1.0484460955408177 0.38017975251235087 0.08501077702866632
